0	1.382686637991902944833	93086.566810040487325750291	67322.966934309530188329518	300.000000000000000000000
1	1.382686637991902944833	93086.566810040487325750291	67322.966934309530188329518	301.990007746891819806478
2	1.382686637991902944833	93086.566810040487325750291	67322.966934309530188329518	303.770957376725959875330
3	1.382686637991902944833	93086.566810040487325750291	67322.966934309530188329518	305.366244681620912615472
4	1.382686637991902944833	93086.566810040487325750291	67322.966934309530188329518	306.796072681132898196665
5	1.382686637991902944833	93086.566810040487325750291	67322.966934309530188329518	308.078150460490860496066
6	1.382686637991902944833	93086.566810040487325750291	67322.966934309530188329518	309.228120122194013674743
7	1.382686637991902944833	93086.566810040487325750291	67322.966934309530188329518	310.259860185259128684265
8	1.385560016286493167925	93072.199918567537679336965	67172.983360197467845864594	311.185720109941883038118
9	1.391462714791782628865	93042.686426041080267168581	66866.819668943775468505919	312.014965735518217115896
10	1.406062839770921168991	92969.685801145387813448906	66120.576670877824653871357	312.754520032265531881421
11	1.398298194807498617820	93008.509025962499435991049	66515.503897054542903788388	313.413412275383393534867
12	1.406275768074418675013	92968.621159627902670763433	66109.808097545275813899934	314.013064387041879399476
13	1.413882632079783263634	92930.586839601077372208238	65727.228506161569384858012	314.541442556349977621721
14	1.408071734837210930991	92959.641325813950970768929	66019.108988478590617887676	315.010825789575392263941
15	1.421101605628813047133	92894.491971855939482338727	65367.945264372370729688555	315.445323167247067885910
16	1.411904549026077981821	92940.477254869605530984700	65826.317592771622003056109	315.829247949198190781317
17	1.405232387890490430848	92973.838060547554050572217	66162.606883917760569602251	316.178696131980643713177
18	1.424897152265417910044	92875.514238672913052141666	65180.503793562806094996631	316.499779640577912687149
19	1.427388074405175677484	92863.059627974114846438169	65058.032425184872408863157	316.775955462082265512436
20	1.431847826588878325182	92840.760867055607377551496	64839.823857701507222373039	317.028774162154263649427
21	1.428005912975282676314	92859.970435123585048131645	65027.721237965837644878775	317.256912673836723115528
22	1.422432974027535657058	92887.835129862316534854472	65302.082295558611804153770	317.460328408036673408787
23	1.436226255469910340068	92818.868722650455310940742	64626.912625463461154140532	317.649510501919678517879
24	1.468567426129697262027	92657.162869351508561521769	63093.570796093939861748368	317.816618295611476696649
25	1.492502854227164998946	92537.485728864179691299796	62001.546909457094443496317	317.965726985691333084105
26	1.474832951083145049509	92625.835244584275642409921	62804.289242763472429942340	318.105786738706115102104
27	1.477910776367342027271	92610.446118163294158875942	62663.083319411773118190467	318.235834223604797443841
28	1.473568153765985933035	92632.159231170066050253808	62862.487218138383468613029	318.334319735269389184396
29	1.468454893126622584631	92657.725534366880310699344	63098.789052403772075194865	318.434020433250680071069
30	1.518193227789555788121	92409.033861052215797826648	60867.768456322926795110106	318.535389494713058411435
31	1.549442240442496787622	92252.788797787521616555750	59539.353187790693482384086	318.625855335260553147236
32	1.473351253906965752094	92633.243730465168482623994	62872.477615113537467550486	318.718730650343502475152
33	1.501584773517803395038	92492.076132410977152176201	61596.306624585224199108779	318.784937800120076190069
34	1.472823849811356167194	92635.880750943222665227950	62896.782098421557748224586	318.838741423923067941359
35	1.476493896155590901387	92617.530519222040311433375	62728.014494590323010925204	318.895879055980799421377
36	1.494311771700953084263	92528.441141495233750902116	61920.439157199085457250476	318.947785934126045503945
37	1.550927117713550629219	92245.364411432252381928265	59477.562393405489274300635	318.995784717152560006070
38	1.591458440212842218031	92042.707798935793107375503	57835.445446270008687861264	319.036870100091391577735
39	1.556134756418494635710	92219.326217907524551264942	59261.786832750869507435709	319.088541816483996171883
40	1.540860212632211068140	92295.698936838947702199221	59898.813779591742786578834	319.155696558690237907285
41	1.563423546132343133763	92182.882269338282640092075	58962.193896454875357449055	319.225774632793672935804
42	1.562629106714127136257	92186.854466429358581081033	58994.712225909119297284633	319.320223304493367777468
43	1.521740353712364157701	92391.298231438180664554238	60714.232888708538666833192	319.380051164797407636797
44	1.531690916767704635504	92341.545416161476168781519	60287.323248627675638999790	319.377665679464655568154
45	1.573835004611970678212	92130.824976940144551917911	58539.062040785538556519896	319.378463191742696380970
46	1.546086736655260196471	92269.566316723692580126226	59679.424271070223767310381	319.431041969535215230280
47	1.562257424446654496819	92188.712877766723977401853	59009.937437435837637167424	319.472197426474167514243
48	1.588550471911706729600	92057.247640441462863236666	57950.470739313153899274766	319.472360000584728823014
49	1.582140461651133422905	92089.297691744330222718418	58205.513305461681738961488	319.485166062030600642174
50	1.585180475919471643209	92074.097620402637403458357	58084.299560272949747741222	319.525296019792392598902
51	1.546160262501146798186	92269.198687494266778230667	59676.348516572892549447715	319.581967232841805071075
52	1.667515699534479312049	91662.421502327604684978724	54969.450379337969934567809	319.613872241808621765813
53	1.650847876661382329644	91745.760616693092742934823	55574.933289575143135152757	319.669384033385085785994
54	1.679530948453135330567	91602.345257734326878562570	54540.433054896071553230286	319.721948300331177961198
55	1.723845200935228971773	91380.773995323848794214427	53009.849112755313399247825	319.782562676366069354117
56	1.686728355666049727901	91566.358221669754129834473	54286.369179767738387454301	319.892221027408425015892
57	1.632614714016920487438	91836.926429915401968173683	56251.438653249577328097075	320.004844476149287402222
58	1.618706252857296190584	91906.468735713511705398560	56777.731335430820763576776	320.074036517514912247862
59	1.586224706982337639971	92068.876465088309487327933	58042.770396788102516438812	320.058972101014774125360
60	1.584875966446170680868	92075.620167769142426550388	58096.420235479941766243428	320.025795048383372431999
61	1.788663808272477062644	91056.680958637618459761143	50907.655500997563649434596	320.035220009797001239349
62	1.859541689515060269855	90702.291552424692781642079	48776.691624525206862017512	320.080821404591972623166
63	1.867749616157992509358	90661.251919210044434294105	48540.367046468731132335961	320.200251453874557228119
64	1.737211095685389672383	91313.944521573052043095231	52563.528259958846319932491	320.374208422121341754973
65	1.696751677354246146123	91516.241613228776259347796	53936.143299372204637620598	320.575033182481888616167
66	1.638698712306136062722	91806.506438469325075857341	56024.030377902898180764169	320.641244958293100353330
67	1.895111319998252330521	90524.443400008734897710383	47767.348780383108532987535	320.633572862958203586459
68	1.886664414941852552232	90566.677925290743587538600	48003.596828364425164181739	320.987582080854110699875
69	2.012224848270370625158	89938.875758648151531815529	44696.235530515426944475621	321.073448890619545181835
70	2.113383556031295462674	89433.082219843519851565361	42317.487502263487840536982	321.336961384422750143131
71	2.316380591856561643738	88418.097040717198979109526	38170.798594824504107236862	321.597413428441825544724
72	2.067153889847455516815	89664.230550762717030011117	43375.692052312289888504893	322.010305939974671218806
73	2.070297222861434249808	89648.513885692824260331690	43302.243221766148053575307	322.175973128201803774573
74	2.448916864862956455084	87755.415675685217138379812	35834.379245289768732618541	322.326110139115371566731
75	3.236571609694013584857	83817.141951529934885911644	25896.890926338575809495524	322.733759838520199991763
76	4.524488801932890602586	77377.555990335546084679663	17101.944413538909429917112	324.009278558475500631175
77	17.903265790228296339137	10483.671048858523136004806	585.573111168386390090745	325.589825909500632405980
78	18.128812833751062782994	9355.935831244685687124729	516.080998631438433221774	324.918597013624605551740
79	18.368781016480401291346	8156.094917597991297952831	444.019388672572972609487	324.157301061943030617840
80	18.464378991351335201898	7678.105043243325781077147	415.833375541074474313064	323.313906632919611183752
81	18.571148810752710289762	7144.255946236444287933409	384.696499879421253353939	322.278441058109024197620
82	18.743590523518346202536	6282.047382408272824250162	335.157096743333795529907	321.265239359866370705276
83	18.803377675646984812374	5983.111621765070594847202	318.193450398756851882354	320.253051095789601276920
84	18.880070915342727744246	5599.645423286361619830132	296.590274919775765738450	319.228517361636761506816
85	18.932226457846208944602	5338.867710768958204425871	281.998935659061658043356	318.303038459349750155525
86	18.976180082268292892422	5119.099588658529683016241	269.764492456620132543321	317.479209058231162998709
87	18.986939066315180468791	5065.304668424098053947091	266.778370685903723824595	316.720732191706247249385
88	19.007977818660890534375	4960.110906695554149337113	260.948900194212967562635	316.032990802684196296468
89	19.047691056701999912093	4761.544716489996062591672	249.980152571543783324159	315.415228592952814778982
90	19.084158625235374984186	4579.206873823131900280714	239.948061832181195995872	314.775075152702015657269
91	19.080333955927130773489	4598.330220364339766092598	240.998413915911072535891	314.216037460675238435215
92	19.100482661719084376273	4497.586691404576413333416	235.469792625637438732156	313.690779744490157554537
93	19.118957033506731590933	4405.214832466343068517745	230.410833851764465407541	313.198594642428076895158
94	19.122791148828596874409	4386.044255857021198607981	229.362137656651469796998	312.766803354842693352111
95	19.137231092342535276885	4313.844538287317845970392	225.416337268009243643974	312.391270354952837351448
96	19.159520350623296280901	4202.398246883516549132764	219.337340913485036253405	312.067825541600370797823
97	19.164696430122010184505	4176.517849389943876303732	217.927680963708041872451	311.763820547647981129558
98	19.164140344374153812623	4179.298278129237587563694	218.079089540591724016849	311.485813177788145367231
99	19.167609172252795701752	4161.954138736022287048399	217.134755896468533364896	311.219021590974364244175
100	19.176043418412000107764	4119.782907939996221102774	214.840090734481776735265	310.979598798576091667201
101	19.183933010716149425434	4080.334946419257903471589	212.695433420247127287439	310.752885753161024240399
102	19.189152983293190857239	4054.235083534047589637339	211.277438199790225326069	310.562197206653536341037
103	19.189152983293190857239	4054.235083534047589637339	211.277438199790225326069	310.385225887043191050907
104	19.192436188079028624998	4037.819059604851645417511	210.385957261270277740550	310.223665806747760598228
105	19.199308513231677864042	4003.457433841613237746060	208.520917880064871496870	310.077170340268480686063
106	19.201741208216994039049	3991.293958915033726952970	207.861043206177612319152	309.945882948251210109447
107	19.202822530797071465258	3985.887346014642389491200	207.567785393119294212738	309.822562569613637606381
108	19.204131944570818291140	3979.340277145907748490572	207.212712796992803987450	309.707228530371196484339
109	19.205241071341870195965	3973.794643290646490640938	206.911989728697392365575	309.605069974101752450224
110	19.206578758224750913541	3967.106208876240998506546	206.549342223555782993571	309.509570713333744151896
111	19.207128043272781781070	3964.359783636085921898484	206.400445433828764407735	309.425468061348283299594
112	19.207128043272781781070	3964.359783636085921898484	206.400445433828764407735	309.349647087145683599374
113	19.209785170847467838939	3951.074145762657281011343	205.680287969006457160503	309.280814081563107720285
114	19.211088108843529909109	3944.559455782349687069654	205.327227350882452583392	309.219919507883730602771
115	19.211088108843529909109	3944.559455782349687069654	205.327227350882452583392	309.167153346457382667722
116	19.212273818063803076939	3938.630909680985496379435	205.005974148556958880363	309.119263890448394249688
117	19.213570452815091016419	3932.147735924547305330634	204.654712437813742553772	309.074662865436209813197
118	19.213570452815091016419	3932.147735924547305330634	204.654712437813742553772	309.034517984426088332839
119	19.214848361609405458239	3925.758191952976631000638	204.308570022155578271850	308.998058802631589969678
120	19.216079598104538916914	3919.602009477312094531953	203.975113106002055474164	308.965373064516654721956
121	19.212838280535738277877	3935.808597321301931515336	204.853053976341186626087	308.938107205107314712222
122	19.210612574666342311502	3946.937126668286509811878	205.456078577798223250284	308.921715666142915779346
123	19.211853089848844433618	3940.734550755776581354439	205.119960699573596230039	308.904398532472896476975
124	19.211218091634041371663	3943.909541829794761724770	205.292008191154678797830	308.890876691362052497425
125	19.211218091634041371663	3943.909541829794761724770	205.292008191154678797830	308.878398392489259549620
126	19.207542121687797731511	3962.289391561018419452012	206.288205250742691987398	308.865393241874357954657
127	19.210583146103132889948	3947.084269484330434352160	205.464052780979557155661	308.845258004730851553177
128	19.218144844274419824615	3909.275778627896215766668	203.415876522159209116580	308.829210114653562868625
129	19.220689022092564357536	3896.554889537175768055022	202.727117901882394335189	308.814472300789077507943
130	19.220166744032233907546	3899.166279838827904313803	202.868493898446530465662	308.802633184493345197552
131	19.220166744032233907546	3899.166279838827904313803	202.868493898446530465662	308.791932112286815481639
132	19.216929120468581260184	3915.354397657094523310661	203.745061092342893971363	308.782287042544226096652
133	19.216644773136014379133	3916.776134319923585280776	203.822060539694035696812	308.772287074253654282074
134	19.219881789342416311683	3900.591053287920658476651	202.945631822295126767131	308.763107980692666387768
135	19.221046379232664236270	3894.768103836671798489988	202.630388949311566193501	308.756140597057481045340
136	19.221513923933553513734	3892.430380332225468009710	202.503840006358132086461	308.752338264518130017677
137	19.221513923933553513734	3892.430380332225468009710	202.503840006358132086461	308.748037199685199993837
138	19.221513923933553513734	3892.430380332225468009710	202.503840006358132086461	308.744045188351435626828
139	19.220757929913720118975	3896.210350431400001980364	202.708465745132542679130	308.740300416240131653467
140	19.220757448450235926884	3896.212757748813601210713	202.708596068515703336743	308.739172442647657135240
